# This file was generated by chargePlacer.py, 18 Jun 2020 10:51:46
# From 1aki.pdb
--	--	--	NT	LYS	ARG	GLU	LYS	ARG	HIS	ASP	ARG	LYS	GLU	ARG	ASP	ASP	ARG	ASP	ARG	ARG	ASP	LYS	LYS	ASP	ARG	ARG	LYS	ASP	ARG	ARG	CT
--	--	--	1	1	5	7	13	14	15	18	21	33	35	45	48	52	61	66	68	73	87	96	97	101	112	114	116	119	125	128	129
--	--	--	A	A	A	A	A	A	A	A	A	A	A	A	A	A	A	A	A	A	A	A	A	A	A	A	A	A	A	A	A
WT	--	--	0	0	0	0	0	1	0	0	1	0	0	1	0	0	0	0	0	1	0	0	0	0	1	1	0	0	1	1	0
LYS	1	A	0	nan	0	0	0	1	0	0	1	0	0	1	0	0	0	0	0	1	0	0	0	0	1	1	0	0	1	1	0
ARG	5	A	0	0	nan	0	0	1	0	0	1	0	0	1	0	0	0	0	0	1	0	0	0	0	1	1	0	0	1	1	0
GLU	7	A	0	0	0	nan	0	1	0	0	1	0	0	1	0	0	0	0	0	1	0	0	0	0	1	1	0	0	1	1	0
LYS	13	A	0	0	0	0	nan	1	0	0	1	0	0	1	0	0	0	0	0	1	0	0	0	0	1	1	0	0	1	1	0
ARG	14	A	0	0	1	0	0	nan	0	0	1	0	0	1	0	0	1	0	0	1	0	0	0	0	0	1	0	0	1	1	0
HIS	15	A	0	0	0	0	0	1	nan	0	1	0	0	1	0	0	0	0	0	1	0	0	0	0	1	1	0	0	1	1	0
ASP	18	A	0	0	0	0	0	1	0	nan	1	0	0	1	0	0	0	0	0	1	0	0	0	0	1	1	0	0	1	1	0
ARG	21	A	0	0	1	0	0	1	0	0	nan	0	0	1	0	0	1	0	0	1	0	0	0	0	0	1	1	-1	1	1	0
LYS	33	A	0	0	0	0	0	1	0	0	1	nan	0	1	0	0	0	0	0	1	0	0	0	0	1	1	0	0	1	1	0
GLU	35	A	0	0	0	0	0	1	0	0	1	0	nan	1	0	0	0	0	0	1	0	0	0	0	1	1	0	0	1	1	0
ARG	45	A	0	0	0	0	0	1	0	0	1	0	0	nan	0	0	0	0	1	1	0	0	0	0	1	1	0	0	1	1	0
ASP	48	A	0	0	0	0	0	1	0	0	1	0	0	1	nan	0	0	0	0	1	0	0	0	0	1	1	0	0	1	1	0
ASP	52	A	0	0	0	0	0	1	0	0	1	0	0	1	0	nan	0	0	0	1	0	0	0	0	1	1	0	0	1	1	0
ARG	61	A	0	0	0	0	0	1	0	0	1	0	0	1	0	0	nan	0	0	1	0	0	0	0	1	1	0	0	1	1	0
ASP	66	A	0	0	0	0	0	1	0	0	1	0	0	1	0	0	0	nan	0	1	0	0	0	0	1	1	0	0	1	1	0
ARG	68	A	0	0	0	0	0	1	0	0	1	0	0	1	0	0	0	0	nan	1	0	0	0	0	1	1	0	0	1	1	0
ARG	73	A	0	0	0	0	0	1	0	0	1	0	0	0	0	0	1	0	1	nan	0	0	0	0	1	1	0	0	1	1	0
ASP	87	A	0	0	0	0	0	1	0	0	1	0	0	1	0	0	0	0	0	1	nan	0	0	0	1	1	0	0	1	1	0
LYS	96	A	0	0	0	0	0	1	0	0	1	0	0	1	0	0	0	0	0	1	0	nan	0	0	1	1	0	0	1	1	0
LYS	97	A	0	0	0	0	0	1	0	0	1	0	0	1	0	0	0	0	0	1	0	0	nan	0	1	1	0	0	1	1	0
ASP	101	A	0	0	0	0	0	1	0	0	1	0	0	1	0	0	0	0	0	1	0	0	0	nan	1	1	0	0	1	1	0
ARG	112	A	0	0	0	0	0	1	0	0	1	0	0	1	0	0	1	0	0	1	0	0	0	0	nan	1	0	0	1	1	0
ARG	114	A	0	0	1	0	0	1	0	0	1	0	0	1	0	0	0	0	0	1	0	0	0	0	1	nan	0	0	1	1	0
LYS	116	A	0	0	0	0	0	1	0	0	1	0	0	1	0	0	0	0	0	1	0	0	0	0	1	1	nan	0	1	1	0
ASP	119	A	0	0	0	0	0	1	0	0	1	0	0	1	0	0	0	0	0	1	0	0	0	0	1	1	0	nan	1	1	0
ARG	125	A	0	0	1	0	0	1	0	0	1	0	0	1	0	0	0	0	0	1	0	0	0	0	1	1	0	0	nan	1	0
ARG	128	A	0	0	1	0	0	1	0	0	1	0	0	1	0	0	1	0	0	1	0	0	0	0	0	1	0	0	1	nan	0
